13251
19758
32691
20357
16095
21908
8087
8662
6706
5120
7523
32389
32303
1323
20667
13620
14398
19438
28643
1704
7007
28503
9602
29563
25617
16124
13222
25365
4978
20879
18441
14040
1447
20915
26003
7579
18302
3342
1823
15194
28498
31136
24450
31019
32048
9555
23241
4468
1591
17363
17603
11356
12101
20127
14528
8319
15056
27489
16023
11238
11793
3195
14574
14646
20840
32738
2229
1319
4092
24623
2548
14392
31394
7155
19911
18594
29184
1867
13734
14474
15346
11189
21482
1146
2092
18978
13709
22034
10273
17229
31026
20219
32292
23114
22373
29
26573
1378
35
24850
10143
16670
29085
23514
4583
6562
11321
16592
231
24124
26586
14044
21556
13117
11873
31723
32605
30216
32628
2460
27597
10088
24958
29244
12787
20519
1014
2549
28064
5084
22245
12354
12720
26116
15266
19878
24300
5460
13024
22942
25135
8526
11243
31956
7624
3603
22831
9109
544
10872
11770
5253
6557
31835
27011
24466
3013
18232
21290
14630
23463
24823
3073
5537
25974
18696
6540
6406
24440
13746
3525
12020
25118
2984
28771
24281
15221
29662
19804
12386
4541
922
3241
13366
6486
10958
30537
1251
25060
23717
3464
21528
32427
9820
4737
22550
3643
10323
28898
11617
25938
9572
23791
187
24830
7283
22474
5458
9218
8262
30705
31545
17275
24983
6920
2581
9923
8040
25817
29721
7830
29079
12185
1332
30579
8626
20844
25224
2885
1548
23340
24095
5699
4881
13414
13017
21269
5846
14502
15529
8760
21237
14837
257
16547
26775
3231
7051
20907
19154
58
25370
16420
11062
27107
23264
15049
5282
9163
17377
20446
10332
9715
25255
27667
12641
7219
19768
16556
506
7553
21829
21727
20368
26736
25252
18045
193
18679
20993
32213
8628
2932
11216
22742
29353
8432
18309
4467
17620
22693
12040
25420
6507
21181
22115
13450
14078
4189
31678
17930
10503
17634
17294
11967
24002
19563
25865
9809
22078
27543
31453
25354
7348
15504
19489
3827
29977
27976
8588
6202
31727
13058
31461
24791
10080
5909
14522
4463
24205
236
3669
4985
6948
8530
20460
30367
18736
8940
28952
17767
22838
17415
18312
3346
14461
15765
26103
7365
9133
7025
9051
16358
1948
27115
8800
30665
25700
23680
27924
30860
26297
20969
30948
27967
11129
22872
9927
18248
24965
7422
5049
7430
15824
21968
19819
23477
30133
11403
16185
20626
13198
11253
27484
19775
14722
10342
17505
27496
9886
16520
15065
13223
4647
23387
21331
11173
28975
18300
22663
3971
31335
24486
32212
14968
31796
22649
1517
699
22789
7034
16847
3235
7651
21340
31734
22796
26442
3454
9168
4862
2103
5300
19826
24713
10114
26954
22922
15091
18286
31302
22932
4630
27519
1006
1105
16131
20619
14218
20085
2539
27412
4203
31648
18240
8149
31276
15248
20503
27291
11320
10133
22993
26454
24204
13381
28922
29040
15295
27504
7025
19805
13375
599
26057
4212
5853
8216
24560
15101
4748
26733
19726
14475
1381
7830
2736
14988
15599
29844
29478
8478
2974
23192
16169
26148
22425
25275
10946
16025
1728
3311
24935
26149
27630
3894
30054
18670
6523
28178
26247
32689
15622
31036
31724
21009
26737
152
30013
13103
27692
21865
22274
27770
9911
27586
22096
27337
28002
12349
10152
24999
29272
26094
13596
14573
19419
8346
32691
30871
209
12069
12303
9936
16000
2634
6733
19535
7062
7055
14637
4838
3180
28791
25715
12888
27787
11769
18061
8044
16752
22577
21877
12607
6796
16982
21209
12510
12943
15084
6010
1812
13798
18490
11730
31873
21122
2303
32761
16364
29916
3425
7369
9947
22070
15398
22593
23648
16419
6182
19239
29237
10569
31232
30193
2059
3942
4621
2790
32032
12945
18066
9089
24592
5571
16954
25878
4333
26773
18115
22711
18833
15947
6135
31321
51
13842
4830
17203
22585
30854
17714
13159
5453
11895
6419
7908
17587
21741
26876
16779
4314
4713
4086
24209
29489
29038
18955
28452
14395
9280
30974
9297
2534
13804
8505
16421
29721
19592
13063
2578
6028
24764
29699
25237
32476
3714
7377
14870
18911
25385
32523
28432
9013
19616
18302
22385
13343
3569
12439
31044
2708
23820
14616
13965
9618
3526
13071
28788
7091
28193
16137
26022
4096
14286
1923
20473
26889
15088
20641
1359
32310
9763
12323
8124
12120
4029
404
28907
6787
9300
27332
17597
25632
7808
1145
14132
17726
27617
31586
8592
21545
9060
15692
25271
15166
12483
1688
1754
20989
22859
25581
4694
19552
32226
31786
29656
29803
15944
13983
25029
8709
24989
4476
9945
25862
10276
15497
8718
5521
27206
19480
32191
16036
10458
6201
25101
5869
29347
7212
9858
31712
17178
27164
18164
8966
15982
1802
8108
30104
28362
17159
13512
19020
26326
24998
2270
29039
28032
9905
18146
18228
5884
6939
17226
16460
28425
7734
6255
9398
6263
5926
25143
27865
1510
23190
23793
29904
12240
6313
27520
31237
27594
26419
18620
5889
18694
15402
26645
12674
5661
27735
18810
3790
29707
593
17529
584
6779
428
3751
27201
12614
27246
322
28432
25398
4290
25109
14437
3599
7409
13212
3290
13264
18317
20585
4043
4406
9712
21958
4456
32130
6885
8604
9480
30588
16292
26515
29121
952
22788
8571
28981
16408
11500
24299
4270
20626
19466
14375
26734
2355
9160
26695
32064
31076
27772
21142
16467
15469
18399
30521
16712
13111
9153
6929
18058
2902
13563
9954
16350
14150
7844
436
18235
15349
6536
27257
9179
30594
12245
5361
914
17733
24856
3531
24159
8975
17000
10765
14401
15283
28385
1461
13643
31429
23637
21920
13307
3489
26685
4268
25032
30127
12534
13338
32250
4070
3882
10038
16062
13711
17292
569
3194
23116
11464
15470
1886
19288
6585
1428
2876
29712
3037
20100
9625
19379
32263
17683
12804
20582
852
18234
4262
13179
21088
4468
11035
6898
4282
11368
15232
7232
29333
24008
2509
21584
704
8313
4965
16584
9944
26612
20716
16013
13244
13036
3673
20873
9793
12593
2380
6572
21543
212
18849
6448
10572
18060
26693
12322
17696
9560
14408
28958
3161
22886
1588
13146
744
31284
24990
1509
555
10229
9466
26673
8036
10294
12212
27600
22122
13761
1660
9083
19614
1985
19937
856
16417
21544
21281
5757
30532
20814
5951
11696
17472
31450
4183
27504
28968
7654
5423
20794
10267
28766
9998
12805
11198
14249
3537
11791
29673
17036
31291
7131
673
14923
8845
634
1351
3857
3414
2315
5646
913
32397
32638
12723
7150
15069
25757
13672
29656
5440
3404
30993
16377
31439
20751
22962
32399
28889
24526
18472
7002
14642
9429
12312
2744
4301
23327
19238
8207
15501
14036
13415
9067
22617
18448
20504
27240
7279
31462
23440
30803
3322
22693
14707
27020
18406
28249
20009
11822
25843
31893
142
22514
7176
21616
13035
32593
9675
1486
18470
1001
2670
17121
2357
11298
21195
7407
32472
26641
20404
32341
5000
15261
27524
1484
4522
5088
14842
9963
21001
3024
14920
13293
11907
25630
32614
13493
3331
12894
12972
12047
5807
2921
9376
17465
28514
11519
24589
18338
348
27313
29525
13041
12600
25086
25607
6985
3615
14781
180
3019
21052
28859
1279
26973
18287
32676
17396
17322
25670
21031
19611
14186
13609
23381
15564
17892
26068
18762
13892
17841
32523
7184
10745
20674
11400
9152
28075
21413
7993
10730
20412
8707
24488
18999
7489
13422
9403
15949
20057
29529
669
8435
19646
13160
1532
27766
2201
18155
3957
14411
20379
18597
844
31221
6729
977
8545
19754
17303
7527
6495
1841
24249
25243
12087
6542
7990
24742
973
2017
1854
10698
22000
29964
20541
27536
20368
2964
16816
14933
13099
17738
27192
13828
32137
22058
28396
27685
20393
16003
25844
6935
13563
18520
26964
15001
6608
29702
27397
28048
1550
6184
23370
16644
28712
14520
14401
23659
15437
22903
9656
1834
15328
20366
2115
10073
16681
22133
22155
7622
6986
27668
5353
9021
3700
14376
12084
2823
7258
745
9431
3761
12518
32490
15142
1807
1835
27200
10738
13951
23196
19174
30298
2162
14459
19040
28645
27177
1428
29855
974
8381
3114
24101
23199
16482
9778
30057
29697
10476
22463
893
13523
11155
28094
8174
7033
15859
29923
7148
3703
24151
7395
10410
31038
3382
23524
15624
11077
32766
26161
32368
11612
28945
20019
12541
318
12557
24733
29411
32613
23889
4326
18187
18210
24509
2556
13053
29932
7096
14135
29699
4857
27768
22923
3979
30731
22654
32003
17102
2189
7775
25194
5551
3550
32458
12619
5350
6125
26567
1565
30557
7430
25917
12471
13018
19435
31415
14090
17375
17447
19047
28686
11471
10399
11628
19197
28753
16490
8528
5824
2809
6626
11989
23974
12326
25595
11761
10588
20006
29140
2839
17178
7585
7308
29112
17434
16436
30551
10
2638
12892
2513
26632
25938
5270
1170
8634
4000
4036
9218
4790
18435
22739
13678
20199
8014
6043
29276
22157
20045
13574
9756
30085
10236
21621
20896
10187
31735
31839
16782
10045
32050
12859
19090
1697
234
3489
8185
32234
10715
1708
30844
19383
21428
930
30041
20509
21192
27095
32681
17574
23558
13774
4077
13721
10539
24226
5098
8316
11574
2212
26295
23512
27932
19270
3860
11324
20670
3640
14333
10884
24
16848
6015
24411
8379
30383
14283
14335
1917
6306
22153
14405
12911
20678
20078
3548
7951
21232
16145
26837
20671
6731
26362
15715
7030
22851
25596
21216
1718
8354
19910
17425
23742
505
24244
21675
14848
12610
7915
16406
12501
27075
17828
25968
21872
6710
17608
29909
17936
7206
12990
478
890
31388
1664
8039
11687
3067
23029
26774
30906
25385
9851
6937
28213
23535
12226
9902
20075
18083
4321
21993
9785
30468
8099
29746
27889
14949
6690
5389
16023
30990
21144
24734
1616
1759
19825
2412
11543
26422
1445
20325
8370
2067
19268
13346
18148
14458
28755
17517
12517
24089
14294
6912
8975
11819
15150
144
17626
28060
14757
19722
3338
31854
1608
28189
15911
12379
2037
14072
1838
17084
32692
23893
7302
21929
2378
18358
23861
21602
2572
4334
22612
13037
498
25828
18112
20737
29420
6804
19731
1059
21113
12118
6611
3343
14709
1891
13289
31833
17970
6037
3412
19028
25803
23662
11806
9779
29109
16988
2959
16494
27287
25403
24482
5224
8540
15644
5301
30030
9606
17989
6532
25154
22469
633
12632
26041
23496
32121
5244
1057
23635
20170
29937
32200
21906
2745
15202
26617
22957
17565
4186
24936
924
1628
1461
26063
3133
24880
29781
1242
13731
31659
25110
65
177
16633
1027
5427
24808
5478
12490
29947
25214
13343
22381
12510
30384
6717
20027
7490
23129
8959
3583
28694
19138
14679
11639
7789
31932
17065
12551
15724
2540
9935
687
27239
18535
6496
9787
32327
16511
2098
32185
4143
13532
21277
12848
2911
28878
12546
5263
23640
20705
26124
2788
31040
14770
12086
24014
18825
28930
1806
31285
12494
3337
10168
31544
16637
28172
28213
4199
22459
30258
742
5171
11012
29588
27467
26274
2322
28819
26897
24648
20353
24174
19020
29042
23984
19988
3841
16804
1642
11062
2023
25414
17606
11681
21102
28570
14411
29899
22017
7921
11352
427
9864
12575
11971
718
28722
14892
31169
9896
20593
10060
13574
26664
16454
4113
21037
2447
29630
10208
2137
12673
21181
25506
13085
24156
28410
10171
6297
9162
6987
4672
23270
26258
2083
13668
6325
2740
2392
22068
306
18356
26922
901
24367
5942
27778
6442
24446
29131
27767
874
5790
19979
10518
22193
2459
5604
14691
3973
15919
1585
15515
3772
5677
11406
12476
9708
31263
30571
4679
18468
5934
3168
10565
13017
13379
22720
10120
8995
25196
4209
31795
27434
3201
3835
125
31706
10759
20190
25009
14047
6484
27433
27769
7373
25844
24392
7517
11166
30796
31006
6791
354
1917
12628
31433
5938
11916
24048
32225
10342
3007
29481
6651
6664
22858
18041
631
30344
18986
2037
3053
20912
11858
26074
4462
10459
8709
3688
16141
4962
19587
1011
26014
22360
29159
30519
15294
13943
23632
7148
12308
1881
24639
11162
12502
28396
64
2735
3214
20000
29645
17359
20510
14306
5487
19819
17921
846
31782
19861
31445
20000
17419
20498
27414
876
18996
8881
15917
14992
24536
19420
12969
614
14515
20333
8140
27838
6316
13763
12361
28171
1206
2324
14924
25948
31476
15620
22715
24718
30240
13431
10683
28864
16429
22948
22135
8968
22571
31852
18461
29028
28524
27369
11816
16372
16869
30793
14821
14950
19926
26077
13104
9649
11950
25197
19071
31238
7977
5071
19491
22787
26299
24247
6346
13355
13873
24785
1863
14227
14230
20749
5014
19677
21843
14907
32538
19050
31899
17367
17962
8908
24326
32038
3788
10362
30588
24194
29888
14792
22101
29937
22209
26902
30910
27645
2311
30023
12127
27072
4368
9845
22587
28991
20128
25314
28631
16121
13831
4146
15774
21439
32674
5336
8068
8645
28836
3535
14570
4090
8470
3210
2241
18325
25373
28973
10995
32752
12156
13565
18686
15514
15193
14613
32226
12712
6980
27996
12606
16971
6005
25523
11702
19880
5461
9075
30359
15843
14913
20758
8382
3453
11146
32308
12982
14049
4032
13746
20512
16953
13616
6198
13400
25990
427
7389
16469
27376
3977
18993
8145
20826
7150
31573
18858
23354
10828
1411
24457
32680
297
20921
12481
29109
25635
16046
25722
12797
12081
24331
3854
24192
14123
26584
14003
13485
5005
25396
2907
31168
13688
31562
21976
15694
28665
29056
25156
10782
21902
5617
27040
22843
3814
21278
16059
23367
3817
8672
16981
27666
18424
31138
25221
1132
18038
4300
10584
15927
21639
386
7867
16064
2839
9871
411
6991
29727
17564
7242
27644
8739
21414
14373
197
24832
31919
29812
27870
25572
8115
1169
23624
5278
30173
6477
26533
26648
9211
31119
23115
23585
20784
3646
7831
624
5608
25953
17539
15590
22289
28805
22139
3860
24969
607
28781
10493
22994
20403
19744
3869
21517
30581
15814
938
10278
22061
16340
5401
22092
10400
9489
30180
4004
16812
493
395
14142
22388
22037
4825
28488
11197
9028
3944
1665
5016
26204
19559
23025
8770
9909
12443
32472
31560
4021
14244
18660
4078
18593
14978
166
19410
32434
8535
24135
29901
21868
25198
7287
16922
12587
29309
14247
28346
4095
2599
11640
19222
25785
25797
20595
4583
10310
23654
1018
1107
5436
1812
29822
4440
16819
14682
8179
3182
2902
4611
17025
14184
2490
29475
31613
9116
31470
3164
16023
11843
24147
23130
25941
7203
12717
16288
29888
6251
1147
6791
27485
6878
21892
31875
11102
31027
28339
26281
21786
10172
13092
12142
9659
27975
4991
30130
11830
3650
7301
17661
30337
13090
21480
20232
24832
3589
22368
24191
25152
917
29179
26373
24807
23344
7093
22137
20971
14919
5960
2935
25859
28420
8773
5410
21851
20016
27492
8225
12940
10323
17176
13544
13771
6685
14951
11065
30560
15364
9209
30442
6235
29999
11119
12776
13442
30099
30454
1916
12429
7004
1819
25805
14486
18318
18657
4775
715
26092
3600
7290
10854
11289
24529
10406
14047
21501
24440
9717
9055
21866
10657
29289
31353
25343
28542
24377
23061
11853
14959
13846
29612
14137
3539
9138
23739
10913
23327
11139
17265
5187
31789
2245
23467
26586
10198
8382
6179
9609
5314
27205
996
7549
15999
28293
20482
5839
209
18175
27015
23975
32073
15566
11184
31911
32537
27951
602
9607
20775
5952
4279
3324
14944
30472
12357
15839
5199
20920
23553
10123
12270
5936
23512
27527
31932
15557
17502
11877
9743
13634
7874
28649
6828
10796
19714
11886
12949
23115
32347
22918
26402
16741
18436
22497
20819
27981
13851
9328
25189
9245
26848
18121
2723
16319
4641
10958
17023
25266
26357
7049
10721
27146
22957
25947
12735
16569
12296
25430
1006
30734
18854
31719
7480
18811
10943
20664
19886
26011
7957
9684
4927
13427
2343
17421
650
27385
12712
23195
12785
6610
11055
9221
23279
6496
7728
21061
9643
30460
4395
1575
21197
18304
291
22002
14224
777
24146
10058
16408
19963
16667
24661
27655
21317
27456
13341
31051
5094
26965
3637
12601
20400
26741
24992
3040
27467
5171
24302
7575
30590
4307
21928
729
15786
26043
17646
15955
30103
27684
24415
15674
2163
5653
1593
30178
1304
8594
32705
21645
10638
3089
27878
27265
9681
23085
16929
4957
31700
1950
18335
1196
8389
13161
25762
31675
17299
23636
14885
32168
23726
16797
20671
23996
27406
15339
24009
32250
630
8837
25539
32248
3834
4290
12788
19438
29119
8129
1873
19469
23298
26713
23712
2578
1371
24915
6621
10522
13891
28119
15069
1464
10197
12325
10033
15941
16337
29830
16717
5495
14310
18561
28906
25397
6961
4689
11432
1962
15617
15511
18168
5273
3293
19021
569
8432
27592
26363
12321
31391
26307
18221
24671
10922
31380
27940
25214
32637
17606
9676
7949
4481
17905
20974
3069
30188
6459
20391
16458
5085
17695
6169
27358
20392
2413
25952
12466
110
20114
29895
13878
25586
6682
14652
22515
1191
11379
4610
22126
17934
11252
22950
31056
2878
285
24884
28101
11204
18465
11178
25634
10926
31649
32173
12490
25571
15547
5499
29778
9142
23619
7969
3811
23738
2384
14574
25312
28631
18683
7207
10953
15005
7011
15868
26208
24537
29173
31931
8970
32358
23274
11588
9079
19014
1552
7357
10885
15345
1742
23175
28002
18925
30562
24176
28913
24735
24942
24362
22128
3169
4019
27900
23383
2517
11548
9399
4227
12408
21758
3820
3219
27514
30878
32604
7571
13517
15860
2224
15832
18044
15278
22634
20522
30270
13944
3868
26409
28491
17275
26839
7145
15982
29731
18919
14304
25691
28454
957
13826
25156
6850
26157
24362
29863
15430
28890
1468
28778
12499
14574
9352
30249
9060
22286
25842
28623
25612
29069
20560
3171
17535
14047
12436
11813
7636
23633
25643
32474
25481
29944
10533
7780
26568
13543
9109
8085
13544
29861
9019
18245
8247
2271
27744
16802
31223
16985
2050
16840
32422
10794
24369
16274
28035
20009
9657
18351
26701
12707
22529
4600
78
13903
20531
20992
5272
4483
13981
30189
25999
8615
20824
18311
423
14315
30503
9103
28527
10805
10657
15186
14543
16733
6803
5246
15245
22429
8352
15155
25366
15171
24362
23133
12156
10665
9590
11842
11707
30311
18698
1367
17728
12999
32602
17240
32428
27002
31396
6807
10197
17033
19993
28565
30989
9102
23869
6863
8104
8227
23184
31962
20920
20123
6510
6322
20251
21744
14132
10320
29624
16893
24484
24442
16133
1773
12427
20703
29901
9460
160
10595
15152
25405
3504
13752
23019
8483
22008
26158
32473
6307
8403
17612
11194
9489
31381
4511
12596
25099
10166
31058
23319
13996
21299
6655
12773
8449
31793
19013
30098
21953
26339
22171
13704
2104
5295
10467
10734
28293
1932
3651
12842
22021
21679
3888
7332
23567
19046
3531
7117
7906
11588
7793
3169
31451
20606
20109
28905
10220
3477
19889
18051
19273
24373
11494
5861
20836
9054
10304
27552
9244
18625
11957
1698
4401
27501
7214
1023
29948
9386
23007
18673
32093
4645
22740
25629
6388
22606
6861
17175
26260
9215
15692
24873
14580
28510
15084
21328
680
3588
22260
21896
15952
17503
26412
15689
10000
28244
28656
30034
21824
31017
18050
26277
4964
13475
11685
29395
32606
16235
8295
25465
19426
4790
16190
29451
13867
28965
4950
21200
1004
15594
7210
21038
7562
31021
23378
2856
6280
31406
21147
14373
17987
2987
10333
5875
6879
1796
26121
32011
129
11933
1282
279
27326
16644
15790
23985
15956
4692
19660
29038
24856
11353
8968
27
1584
14836
13004
6470
2690
16833
20570
18433
30060
29688
22552
28642
29110
3985
3882
31566
21189
8876
29254
16119
31249
10799
26308
13988
12505
21681
501
32561
18965
27799
23222
12758
8364
11644
6469
1196
17895
2263
14675
21612
29733
7639
12890
31610
6609
26770
31280
6691
4242
27743
5597
13347
21697
23936
11434
18283
20768
3589
20858
16417
4809
8684
30301
28135
31076
20109
15971
24160
14237
10550
8622
16624
14294
18706
6091
14276
14616
16463
15427
14867
14416
12415
8556
27555
31160
32319
17797
3470
18067
26647
24066
27718
13085
1186
27941
28375
194
27631
21966
11116
28814
4134
24980
9493
6629
2415
27924
5831
6516
22799
11913
28581
11367
26580
19102
25725
3036
17332
11136
14998
7320
24753
20022
12201
18169
24832
31285
9005
2860
10345
5935
25815
9632
16113
5421
19554
22459
18103
6877
32396
10443
2332
28205
865
13119
24358
19224
4539
21015
31015
7360
13322
17049
18841
19646
10833
3654
5965
7350
11633
20748
31429
15918
30634
12221
19166
7328
13919
4800
15537
3533
18713
30983
15036
23637
29135
30528
14141
24709
23141
14160
32223
7024
4978
3069
18584
2113
28742
27882
7122
6095
25644
28361
11721
2674
17644
3020
23860
7190
5780
20572
31527
13965
17528
16398
27704
7722
27512
1747
25825
19595
6529
19055
17701
28086
9815
12332
22390
13160
2449
27343
30423
29353
20965
25803
24638
16292
8613
23221
13116
31670
21642
31224
26079
2501
12977
22474
12248
7379
21731
21598
12505
21714
7705
15963
22081
7610
28223
19086
17403
1242
29241
13275
17571
30827
13604
6010
1259
9579
22238
24928
7742
26537
3016
23802
13475
28
18890
15905
11235
1400
18072
13899
14318
17155
11060
27134
19579
31141
8373
23179
12271
14143
6726
6136
13696
14398
113
20286
25242
1904
8606
2229
897
20502
3030
10956
29497
5690
13261
5373
6819
18755
3360
26368
27368
25798
30683
18495
22298
5023
10046
17291
4377
2369
26049
2829
3508
1354
23125
14463
5137
13659
13037
23964
23631
26918
22589
30932
361
19656
3777
8773
19038
7514
10498
1255
3727
3010
12053
30726
14696
16847
8036
19702
12610
15750
11441
9474
9608
30390
7511
25509
2073
723
12243
4349
13806
11008
10372
16508
4861
10350
27823
20449
7517
31461
20166
4710
15274
3488
28650
15419
19115
7774
23214
8756
11826
6838
15134
8639
26948
26539
22528
17688
378
18304
12633
30656
12711
20942
26675
24363
12219
12755
21406
11192
2536
7949
26357
30183
24323
17415
19810
31687
30252
1908
24228
21165
31153
27514
20752
24875
22832
30544
19670
13632
5884
24331
17542
2765
1218
23989
14035
5704
13165
30112
15766
26548
6726
2809
3606
31185
14688
3232
20102
16784
15155
7991
25807
20937
22919
32378
8848
26416
2452
2254
29283
28806
13159
10524
27235
26380
30855
4831
26603
2877
19929
1148
6304
22972
27841
979
5297
19596
24458
18707
28253
15487
11528
19410
23222
30449
26491
9821
22437
23477
8887
17228
29487
5968
5506
2394
6134
19813
27198
31092
771
18289
712
29456
18114
31673
13215
4800
32590
128
14921
24327
7151
16252
29426
14187
25058
32139
4439
14795
3160
2723
24802
4595
11712
11783
20502
26478
13897
8897
19246
23963
17315
14412
10753
23044
7686
27537
13609
1258
1654
3093
1636
14373
14917
16752
18490
20523
20441
1281
6369
4974
20656
25568
5213
9195
13472
7444
18923
12031
8804
28678
8352
20349
6484
12086
28494
22015
26740
27437
19367
27513
5808
18867
21669
16916
8294
23873
31785
18489
11813
4281
5090
4587
10421
31573
8560
27739
20055
12509
15817
20406
11597
25118
988
9026
10141
24983
21109
1961
25619
24693
25953
7061
20613
30658
2514
28284
6490
20953
29189
5566
14925
2077
27681
6125
3183
2282
99
8811
30059
6604
14968
15675
7182
18927
8746
28945
17927
26839
10047
5035
17131
21841
1182
11876
2172
14506
24244
13063
25642
542
8470
29409
26074
13971
24424
3098
26599
26760
15741
16709
22630
27720
8895
28469
10159
7267
15570
5394
25
16990
5492
8877
11012
30634
16296
273
18205
4819
24595
2395
13277
29946
5286
24011
22099
19333
32637
22810
6948
6677
30983
2062
22992
8376
11624
24909
32054
29281
10523
12143
5467
20373
6364
24918
13927
6502
16581
13506
18672
28837
28343
28448
12155
21844
27643
6307
25920
23130
12841
28054
31278
16762
26441
31217
4143
4998
25913
4906
15789
2256
20559
9293
31061
21986
318
79
29467
12399
17982
11936
32382
8329
16231
26111
29197
29203
23134
10642
8234
23162
12596
15414
19726
9888
20619
24084
17933
1305
10491
2165
32283
16538
12212
7127
21392
32430
29284
13375
25384
22187
8795
6098
3150
21733
23277
29599
2714
15905
10007
23232
18584
10061
2662
15265
20427
13678
4373
16287
31217
6617
11125
18645
18313
7846
22674
562
32659
22370
25620
13775
31895
18948
15203
23936
19176
9250
7695
8618
31786
20581
11630
14932
21522
59
8071
26240
12909
32203
6446
28091
24164
23086
29553
24563
5886
19420
28723
1929
3302
20836
8727
16807
10607
27745
2976
12500
18133
2217
14742
32197
15814
25543
23723
6774
27680
2220
9822
15226
6397
13217
27936
31632
23021
12928
23477
23926
23938
5412
12254
8194
16146
16926
19509
6254
18360
17321
8536
1780
16540
24801
12873
6554
14964
22319
14357
4432
28235
18440
10420
15672
7041
11991
9521
16453
1812
29495
4875
21767
29
27494
25818
965
3486
25334
22069
32461
10618
31174
7892
6408
11461
28465
24818
2769
20798
11653
22261
30983
27674
10679
1105
29281
17924
27477
28074
22274
13409
20667
7225
24142
22488
25482
28784
12027
9234
20822
2017
15723
5310
23711
14940
25657
13273
23043
29271
27410
21804
3505
25747
28614
11030
32033
27389
26014
6283
2307
1747
7921
25693
25461
19975
5362
12730
13944
18408
25036
25079
3749
31999
8433
17291
24092
15927
10670
12895
11198
26434
22532
3397
17052
8247
22451
9413
30126
25216
9623
1824
19401
17651
15159
19855
10187
21311
6300
20172
16665
29834
8287
23251
75
9560
31238
25578
5157
2223
28305
14559
21193
5241
29519
13457
15148
23849
22262
1713
10951
17569
17651
31178
7055
4179
4863
23167
32294
10919
3315
25621
1107
5021
13021
22065
28592
17588
7507
6114
14498
3082
31751
3041
8590
8900
25244
31256
2634
688
22456
12898
6098
16169
23131
19602
1085
25916
20847
10678
10991
9993
6560
6813
9487
22123
9581
20374
2620
29403
25471
30075
10619
20113
24378
9198
20084
3821
20371
227
26335
3094
2081
15711
7225
21473
118
20350
13755
21492
26031
3515
22156
28459
27210
3948
27702
570
18488
30348
24919
7060
10547
1725
26777
27276
26962
11661
29667
10682
26587
24569
11217
2209
23128
28976
31586
22670
21997
18073
1009
195
744
3350
3431
32213
11930
21387
18094
28755
12134
11930
27241
32424
20247
18865
7138
3651
12150
2375
4163
6133
23837
8802
22538
7066
1158
19293
23735
30459
32103
27112
26311
9203
8258
25168
16358
8657
6711
27649
17761
3582
13086
3913
32474
12256
14802
12382
3391
31741
2767
19363
1533
21092
25856
18215
3696
31817
210
32110
19358
11503
7565
25973
31270
2507
30948
31728
17011
32230
25803
20950
7477
23683
28552
25631
23570
5890
21005
8397
10904
2564
6277
15657
7031
9680
14637
16719
5613
30197
3429
27884
14209
19505
24839
22855
32244
4754
3063
31870
19829
2267
18939
29202
10004
28969
17613
11430
9081
28630
1135
29956
1494
8862
14783
23137
31514
13056
5963
30690
22888
26599
11366
13151
29639
31370
30332
22886
22043
12945
7330
14979
32084
3449
2417
11710
24549
30009
22293
7270
23159
18982
16801
31501
21727
17428
5029
21460
13134
28350
16643
17897
26568
17768
9214
7757
14296
12738
4244
28123
2689
29200
12814
16518
21111
10888
26325
23010
26768
9723
3719
6886
27253
2488
32330
29936
29085
174
3937
3593
13948
8656
31741
31338
29687
5566
32341
12096
7964
16289
26104
4781
18192
27990
5986
19727
12616
21200
10702
16260
1532
21687
5964
17326
8409
26197
13075
6323
23031
32435
23064
8584
23306
26879
4576
22640
21724
29745
2450
7103
10491
17903
12624
14308
23470
21677
23495
21158
25134
19736
7685
7086
8467
26293
24971
26182
12045
27589
23716
4192
12244
30829
25845
23258
23394
13587
20564
5888
1375
4107
22494
19795
14557
14963
12611
16777
15429
27739
21093
30676
4497
13354
4898
8039
18108
21820
8557
1591
10871
31184
31652
31230
14622
15394
25885
14982
21994
19156
2307
24868
9320
11410
16224
24962
5674
26358
10362
1954
188
3241
4707
5920
20441
30412
23756
28600
10207
11670
20250
23303
3201
17470
5308
26518
24508
11291
21435
29972
19724
17162
4498
21987
29919
8464
23105
10711
27722
26944
23965
22074
25851
8671
30442
16147
4463
22471
21163
9639
6501
4361
9913
20545
12946
21206
12435
24367
12694
16032
28149
29453
10031
2684
17324
2118
23980
22731
1704
11223
19109
13081
6995
27990
18666
11333
7969
12851
11961
28130
20584
20031
5172
13534
10355
1386
24081
353
23506
23249
24724
32248
13555
20728
11962
25075
31991
32595
27064
21260
26302
8460
9379
2633
12356
256
12401
16419
28209
26379
25632
9191
13739
27269
13621
25181
6255
19980
13416
32680
10016
18564
17054
2157
28126
24413
4631
24119
7963
13844
18409
8986
24746
30461
20909
2199
28441
14655
17272
1472
2881
2080
21005
14492
26139
28547
15696
30413
32470
12718
16126
20848
10022
2641
20892
4165
8670
8900
25517
26640
4033
7057
19240
28735
7829
20274
3369
7116
11898
12828
19943
14693
24954
29692
31974
16075
18785
17984
4462
25464
10191
27609
27451
20100
29835
30271
11126
23497
7706
21430
6628
15430
14481
4817
27230
30145
3751
32564
30337
1456
18702
31645
16294
11098
8196
15654
19732
7482
19237
19396
14965
11684
9091
27668
2695
8875
11256
22103
4628
17729
29627
24250
3876
27552
1842
29404
16497
745
25351
4234
4379
23563
7550
6605
11421
16359
14854
10790
3840
3762
23310
20760
25935
28314
17945
21991
21066
19884
28181
26784
27486
15093
30696
25689
469
23271
27981
1722
3147
31487
4574
16572
17505
2213
3697
1201
19637
28500
26280
13701
29457
8698
27844
6979
25314
21410
10170
218
23532
9040
24457
24354
16701
16172
17354
14618
5215
17123
24713
3444
12498
21835
21843
339
23481
18758
656
10323
31700
17896
8468
3530
3502
14812
30704
25421
10264
7683
9358
30838
9429
19295
10493
24549
16791
26672
13449
25989
19755
12380
23183
14864
13552
7444
11151
30678
1677
12213
25731
25786
14819
25580
10351
5501
22337
3358
30778
22079
19927
8967
23740
31810
3694
16801
30488
1266
15958
24647
27468
9762
5791
1050
22790
13209
17292
29092
22202
32205
22596
8635
8945
3566
10955
32168
32740
25382
11313
9865
27977
5408
4361
19444
13421
32711
24093
21981
31363
23632
11616
26042
19771
27514
16164
29412
23959
5396
11149
1601
23803
8384
18502
22816
12419
27640
5746
23396
28312
16718
19686
25829
23238
13560
21141
5651
21448
10891
15691
11229
26597
26631
10399
19153
896
23060
31011
1412
28138
28043
24541
8756
2170
8760
12795
25516
992
15071
26818
22888
32694
11900
24008
31482
18520
16079
5987
4780
9974
22552
14689
15207
30695
7712
28153
30163
31552
19064
23298
6336
5030
16389
30563
8389
26464
30653
21707
8998
6064
10923
12706
26619
612
23865
26431
28559
16808
12206
2139
26375
24094
6134
17349
20548
26417
26786
24408
24842
26022
18735
24363
23905
23667
907
11527
28987
19413
19157
21534
19800
27293
24420
9465
2919
2506
13324
21939
7534
22109
30876
29285
19563
28009
11691
12769
2620
30314
9621
675
6844
14295
5824
25604
22575
23035
8996
24497
5856
19456
30986
14172
27656
32589
28947
6833
23538
27922
19837
31116
13149
6688
32418
18025
4130
3327
4289
15644
23830
27194
9985
450
17714
11006
10163
11255
25073
8675
32216
4681
10490
16906
5091
27117
23807
23656
27584
3761
1509
18273
30740
1842
13349
9369
6855
6479
4978
14599
27840
733
4252
2891
13039
10908
5812
15425
9361
23914
10097
19926
26287
27575
21202
19482
24808
15161
20997
3223
20337
8417
18824
30690
13914
5901
30350
4463
6675
9215
19364
12713
8494
1166
16532
9794
870
28443
22921
11464
27105
711
10613
31610
9394
14051
21424
19545
22946
24233
20706
7810
4144
5417
31522
8634
16086
9605
9567
75
15758
17249
16895
31503
16789
10134
23751
3018
18031
25894
27643
444
2091
2677
15558
19575
29416
25270
32475
26863
11160
27555
13149
9424
5636
21361
765
11284
31761
4867
16226
5332
14913
30814
5069
23902
5500
13661
10493
4233
7697
18085
16464
1093
17400
18140
2604
26230
90
534
15261
3075
14418
23952
10047
13865
15606
26529
23903
16918
3217
9197
5981
30387
14643
26588
29268
25793
6252
23371
15613
3367
8276
29057
23761
16778
5582
28260
3694
29471
28686
19436
1340
25533
5465
5081
11856
27959
21772
417
6801
21224
17120
173
21529
20879
22380
23236
8926
24926
31212
10952
1169
24141
22336
26528
23494
2740
10808
7029
6742
8217
22798
6945
27393
25158
3124
20964
7768
26783
8784
30041
24283
4531
9606
13737
28766
21777
9717
15871
32433
26461
7556
6460
16255
25763
16606
20203
27511
29930
25019
19575
21162
7949
18018
28315
4148
15814
6763
16155
8479
19212
23754
15026
25220
30111
28425
13131
15091
13537
10709
8820
29461
20199
6844
15
400
1232
20277
29002
20011
22869
20705
25554
12339
9634
14096
26948
11293
28772
29063
26341
13420
15140
12417
28050
29142
14803
3571
19962
22178
10406
23572
15626
340
13348
15645
7337
12940
10109
26701
15526
23084
21789
16433
10222
32697
28033
7714
20995
2564
14409
30479
14505
10761
25487
15741
19939
27927
23928
9419
15901
14897
27656
10683
26283
16053
30523
1070
4210
3643
14673
26159
17125
31168
18793
11315
17204
25092
13393
25247
5055
2352
6045
17547
2001
10172
29430
6086
16267
18576
9141
2586
8222
12393
16049
29649
7230
21631
15444
9079
24787
9317
10997
5858
14833
11056
23393
17776
17418
19419
15291
24464
15714
7402
21639
10116
3012
10062
7169
18277
19060
3209
5043
18535
29796
22546
25670
3934
32426
32763
27545
641
30514
22737
28944
15470
31664
196
29743
28783
7385
1543
18791
25596
467
19578
31023
8577
24554
30343
5463
18529
6788
21833
30873
7738
8023
9204
9330
17771
21209
4721
12592
15571
8440
25416
1099
3292
1548
8387
16632
17848
9226
11601
9980
13035
14330
13096
21438
26634
939
14126
6561
2754
32677
21274
24976
32283
26975
23254
19163
21246
434
28968
32065
8694
3982
20370
24910
12851
31468
17783
13031
4564
5123
12926
8739
870
23231
60
30300
25767
23151
24333
26502
29328
28094
19010
8640
3731
32484
6018
10025
26914
6173
5482
1013
13680
22618
32119
2240
19067
8247
15654
32545
21834
2862
23129
3203
115
2314
30461
14128
13537
11166
14314
16815
22484
31926
4874
20560
10793
28750
18622
3333
11484
18178
3197
15731
11979
29894
8383
32585
26557
24535
27161
7889
17570
3058
15785
15301
18717
1475
28340
12387
10815
8864
24462
28355
1686
26743
6586
18537
24422
12805
12627
21527
14134
25417
30634
26084
31118
16953
16689
19858
4096
18355
17048
20253
18533
31926
18741
2448
28777
14290
21161
16412
19018
20189
18369
14699
16092
4328
24218
10546
28881
7281
26633
22534
5431
26075
3129
32112
13634
539
14998
67
15692
2483
20714
4397
32026
10212
15814
21389
32097
10783
8740
2180
20104
9150
13898
28751
13488
31217
30194
21972
21746
27643
22439
30842
18407
27550
4978
18494
13678
22995
15542
10244
23977
31679
13145
10794
13129
15331
12324
31587
27404
2963
28781
28611
9347
30889
17651
26134
4121
19322
2057
30070
13905
16649
16119
6429
17487
13691
27293
20087
410
21195
19289
22907
21280
6079
7211
9020
28539
19227
2327
26299
10354
12052
25803
8192
28099
2311
24962
29033
27936
20843
20776
29505
29559
8197
12479
8596
29558
10330
769
23618
21839
23146
15943
11603
29624
31643
20905
18826
27190
19444
1383
32573
6300
2955
14984
1892
32718
29761
19904
27887
23499
31660
8599
32349
7915
29013
5064
32138
12901
19748
25063
456
8211
16920
16711
16434
2426
26939
11803
11837
4101
6358
13787
12944
4753
15329
16618
22550
25646
15805
8053
14161
24612
24102
23966
2545
32565
355
8922
7333
21026
20671
8343
4913
1393
16189
21539
12993
21100
18056
8137
9852
365
28713
32573
29277
24921
32508
23354
2110
22635
19685
16489
13110
29235
12479
32133
19749
3806
149
27837
29325
6071
1045
27737
10404
23790
27457
19105
10663
152
7528
10490
19312
4856
29781
6739
13387
17405
14278
191
20998
19979
27936
28259
18247
32255
20320
3475
17186
31853
853
21560
30443
15403
23565
1653
7753
12820
17293
19594
19852
14854
7108
24568
31297
19757
11202
5094
29187
28036
27942
15555
13204
27288
19925
15149
24108
25488
14834
11793
11024
10858
522
4116
9575
27783
29070
17458
5193
17514
10631
21925
19226
6333
4997
28425
21526
27796
216
19645
10540
1270
18947
11916
28432
1946
622
3213
26252
30446
5211
4935
2071
12125
22811
11033
32168
18898
386
3802
28364
1912
25240
13756
21239
10949
31377
5238
15895
25014
16896
31138
23407
9564
7495
2403
2723
12951
594
7244
21263
34
9861
1405
8541
21967
18674
1039
855
26900
27856
25523
22009
8903
6184
4245
6603
29222
27346
8839
24942
20762
8608
9051
3700
23997
23001
5264
20597
11545
10473
30770
6750
15155
23638
24827
525
7240
30198
19902
15899
21334
14432
21510
13817
29150
22432
24058
22591
25832
8751
32643
11072
4937
13858
9905
19426
12577
5793
11099
20141
27815
13723
518
14113
22569
17848
5640
31053
13646
26767
3822
14749
1439
3354
1306
16116
1093
4710
27057
19194
27924
655
9652
19640
13513
31212
13420
8546
5776
3719
15628
22387
6858
19408
28562
10239
31500
5778
10478
6725
1899
3365
8806
1413
28919
14310
12345
25873
7557
7652
21378
12965
26802
4572
9056
15099
30244
19304
20820
8347
30995
8307
19690
241
5384
29424
19100
28577
15333
9931
12787
15391
11558
13344
14063
13690
31334
10668
8873
24696
13605
13185
3895
21480
10696
31229
6864
12084
19425
27900
22064
24374
14257
20301
29246
9548
27884
5731
28909
5295
9915
29261
23904
31232
29959
4585
20305
24868
31477
30548
15795
11602
30381
28836
25750
30570
30304
2266
16972
9865
24201
1298
28618
30426
9587
16893
22608
25263
26619
1425
5197
8656
15255
6399
27517
13074
24983
16102
16980
9260
16299
22982
30367
3015
16806
22199
28521
27092
2177
12379
25627
25122
2723
7697
7912
1328
2399
17259
15976
6976
32703
29667
14979
9644
28288
24265
12433
2685
10589
14208
15039
7738
2449
11754
22197
32766
10647
19233
8054
31693
3636
1640
24199
26408
24759
9825
14419
11231
7808
17024
30670
29991
25023
30911
15705
13036
10110
11155
5350
26473
14050
23583
14172
29429
3501
29864
31549
21024
30216
5962
14470
510
10624
17641
9174
32451
9550
28778
25811
4240
5083
21026
27593
23181
28547
3982
19093
24632
17049
2885
5314
29949
10412
28972
2801
18950
29961
21225
5502
3668
8833
26778
21088
21775
28781
18886
14929
13850
20719
12947
8496
23787
3194
10554
5539
31130
16020
6073
25600
18487
4058
11720
16494
8801
20805
7949
23623
20244
23725
4499
27329
1219
24203
20601
22734
20903
27907
5863
15424
24150
4130
1862
15921
16023
8036
8881
1186
17525
6265
21670
24418
2450
21320
26370
15410
8894
14133
29228
9766
12744
21919
7568
21582
18836
3501
17487
2966
22638
7499
21044
22507
3230
17263
27883
24735
26429
22433
15725
23567
28999
31418
28095
26243
18161
17644
11996
16469
27964
5378
23280
14166
9674
25833
1990
16237
13552
18288
7556
32385
19982
29516
17814
20377
6683
32607
17896
322
3204
13370
7256
21298
31287
5856
28267
30506
9978
4300
8510
6433
15618
22838
11712
12958
25281
915
1311
11622
25343
22363
6528
6487
6956
21774
24307
31124
9205
3193
22694
27874
26645
10294
1625
13650
7534
21106
17937
25377
21592
22258
32273
9948
4409
9816
8966
3783
9302
7843
28290
13184
13288
15606
22955
6112
11379
7322
12341
16418
2899
26437
20365
17479
14231
6813
26199
25016
23827
18168
18459
20526
32177
11110
10555
24015
11528
21233
22313
5786
10800
5923
16598
31492
19412
11209
25454
2531
29320
6135
28482
8588
30045
16460
14598
31800
15539
26231
19260
19373
32591
16890
11248
14362
21934
5678
10918
17986
6040
27016
19089
26844
14328
16922
7429
16698
4842
2909
8239
21290
25110
2349
30212
12314
19261
31765
1911
23935
15633
23245
26607
31351
3658
17665
3320
26796
4854
4948
11832
31868
7184
10405
24998
30808
5461
26769
18422
22378
13651
30521
23895
11131
29635
9797
16993
4627
14872
13097
4425
1250
600
15014
4952
2398
22571
1428
27291
942
28722
4832
987
12487
18841
721
25807
3029
3568
18319
10897
8924
9014
16101
19535
7839
9271
6470
30275
449
13081
12814
4325
25386
23089
15627
18527
10156
28443
27964
10305
32486
11273
30936
8054
10089
29531
7826
119
15898
29040
4124
20926
7384
4284
26090
638
3166
29723
56
22417
19818
27493
31054
9393
15647
5699
3331
9708
6311
10561
6528
3410
9246
2340
7494
6385
14507
12413
22131
17667
32240
4990
26432
28261
21157
30221
9167
31051
10367
26647
27940
20531
22359
23591
15729
20247
11144
3127
18838
28391
13209
8390
23528
17718
4380
20010
19505
11316
20693
23592
14585
9948
3615
19394
26116
21870
25996
3920
25628
3616
31436
2258
26129
28176
5584
17029
26365
30334
6958
5556
1484
2616
25544
13265
14844
24405
14249
17860
17826
14630
28719
5507
2222
32362
1391
30179
6511
32705
2773
23726
18010
612
24331
25333
25863
25362
4892
8103
4732
25934
19674
4195
18606
711
10365
1163
27973
20248
23948
16026
15776
17329
11009
16311
15385
2069
20136
29066
650
2631
3016
8782
7696
31614
1285
1831
22542
1312
28037
14518
4213
18926
21842
24043
3395
1916
5375
31003
25418
27621
7311
2899
23603
29628
10642
491
32194
25670
10385
8798
5724
13798
17836
26713
29382
728
28802
2577
8495
20002
22353
5850
25969
14024
7518
25590
17044
27456
20632
15274
15763
28965
25208
663
15715
5424
10283
18248
11314
5987
9715
28680
15853
26503
10699
31478
4
1497
31050
1115
5745
23553
5833
1850
18935
8771
25032
3113
19367
9465
5774
14944
20905
32321
28944
32528
28985
6131
30484
16118
23024
2518
11670
17967
22085
10259
15723
27214
13651
21993
19236
4780
477
28835
1589
6911
10895
26311
13143
17454
32646
20369
13866
10084
10515
5791
24095
24420
31676
4078
31381
23580
19844
2053
31298
5244
12397
9328
6613
2696
13882
10352
26073
21932
8569
29169
5085
10064
10177
17084
30418
32173
10553
10734
4788
30943
345
8617
4973
1595
21749
13577
10998
21986
375
16986
6847
20118
4460
11656
27729
29645
23106
5846
7474
29188
10063
27091
16904
17750
5654
22667
25858
11853
1990
5882
9076
26872
19460
27334
20161
23102
26858
25389
5246
10097
9296
19771
29140
27687
12874
14401
30246
581
11505
7812
6388
4188
14695
1586
9984
21049
32277
11930
2735
20407
20023
7579
29617
30168
11931
8541
8676
17940
6053
6720
22390
4081
6295
8466
13899
26836
16399
23941
3230
22039
28114
8416
21738
23899
29127
6388
27915
28448
7239
12114
18592
24467
9108
26811
8885
24998
678
22744
29343
14438
13614
32299
10278
4746
29909
6726
29418
17479
23492
23099
6399
21356
4202
25427
8411
2474
24185
6147
21106
307
24882
10523
21407
24456
8931
18241
25542
12939
21934
2206
31416
9180
2443
22231
20182
30306
912
31039
1658
552
6769
3915
6290
8811
15427
3910
8334
18929
389
7493
10621
12700
29024
20062
13426
21822
23342
11285
32301
12975
26938
3095
18423
32541
20678
4139
10190
18084
17235
25189
9154
10782
1308
412
7327
12093
19684
12831
19404
22231
20721
26276
22643
28032
9561
13697
18402
19038
20348
11807
19762
28729
13010
8875
15398
17618
15079
14862
9045
21110
26275
24096
20876
18386
6351
23064
19054
10761
20949
15688
28253
27908
14023
22023
22942
26122
2467
22766
16055
19600
30422
2119
16412
15698
23550
28610
3339
29602
27636
2154
17845
11520
21514
22744
27294
27372
18065
26022
23366
1784
3743
1575
10249
19745
4367
29013
15172
4191
24264
5899
7609
28027
15427
6517
23093
12321
16967
31428
17520
3638
31735
21286
10036
11627
9743
8949
7617
10003
29547
5422
7281
32306
31433
17958
27800
15318
12751
25208
8110
9642
6480
12866
15792
17096
32459
25745
12995
8911
30516
12057
16411
6965
30455
5674
29723
28383
11067
28895
28093
5103
30819
32153
28469
3038
16859
6827
977
458
24337
30551
15652
8977
25025
20730
19299
26142
4470
4227
29967
13187
16462
23593
12756
9544
23805
29022
27826
20611
26132
23294
12634
19753
8836
22477
18651
28708
17245
1312
2429
27558
21212
8666
24045
18876
5285
32154
18331
29990
15181
26675
24673
17510
5915
13661
8037
15127
8720
10410
25920
30080
3364
23995
4960
29289
13011
179
12970
12077
4824
27372
28004
18961
15161
30697
24659
7892
17027
9868
1824
4488
14167
23177
18433
31648
10533
21019
25237
28489
11832
9206
17935
17662
2803
22908
4758
10070
24154
31027
18924
4385
30676
5495
29518
29108
14894
13164
13980
27521
12260
7735
12986
24811
13468
31342
4918
17240
22516
11724
10539
22663
23933
28458
2917
27172
32263
4778
453
5017
20000
26166
16359
8744
28119
12841
13059
15158
26054
12875
26385
15594
21839
6915
18225
3319
22053
32456
15689
18870
14606
10201
29936
4472
32744
14894
17803
21530
14570
12718
1973
25306
7981
4258
23013
12904
9323
21098
6218
833
18438
30318
3066
25656
24396
14168
5452
17237
13049
17025
21890
227
5629
936
7084
14533
22912
22762
6345
13833
16932
17134
7982
17600
25226
25953
28972
22028
32535
27554
25325
10874
24312
9662
21407
30354
11875
29086
16852
13741
22048
17535
32553
7943
27721
26787
18214
28949
8782
17222
15718
1817
21563
14036
5880
27891
7486
30041
29444
25914
5476
22329
9906
5515
7331
2593
71
19745
22301
11325
17810
6566
16035
10156
29062
7753
28024
25137
29992
24849
1624
5419
32684
625
23993
25031
4570
4892
18513
30068
24759
31770
13016
21143
19298
11548
26383
4480
26684
1293
8705
11677
27979
10473
24457
13038
30689
15570
32532
24505
30584
13153
9640
3711
16353
10042
294
31790
1694
29411
20684
16024
20364
31446
22269
32548
3269
24020
6213
19908
30148
32637
2968
8231
22986
8478
8154
20783
29057
31946
15013
13477
29663
5804
5190
4908
29262
14491
5384
8819
16394
19439
6070
19887
26826
1427
13659
25161
31394
6236
32332
29907
10024
24985
17512
4673
32726
17388
23199
4438
20911
9304
28081
6236
25637
15770
23096
11032
7995
15805
9193
21757
23783
25065
29207
17312
27066
1148
13688
25964
30914
20827
23340
24727
3760
5259
12539
30292
10294
22267
24287
9803
8115
15780
6594
9798
5650
24276
29576
557
25327
455
27728
30772
20476
31864
10487
25939
9124
9142
29406
22007
16110
378
25838
3831
21155
17784
27097
8905
28595
9204
28578
26358
30421
5847
29791
24011
11118
13570
20542
26705
28084
5090
24774
21632
24595
26437
31071
7088
31696
21356
15637
25936
22764
9569
17817
8666
11595
25995
15240
20998
18197
30847
17392
20031
1629
16921
26385
8787
6656
32460
21600
20846
976
18230
10194
5705
10226
29175
5206
29599
27525
18372
6051
10465
9860
15799
6965
24362
27886
10729
9874
8821
29476
9795
1746
31502
4498
5521
3934
15174
11153
32472
22520
21867
32140
13034
7164
19959
5730
28727
7909
7688
12
30950
14866
6672
23424
20261
30667
12494
29653
3005
24447
5757
3239
745
22351
12363
28605
11112
16081
21516
32233
31697
9997
12336
18224
12839
19404
28658
28203
14765
12819
28627
23213
8955
4074
5703
32679
25170
24929
9390
14408
18477
20181
5253
104
26648
18544
21726
3110
25029
31471
31757
720
16477
424
16805
24836
25620
31179
21667
17941
10752
23272
25064
12464
17963
14513
24301
28352
999
20994
27826
17550
24673
4382
26359
3885
13177
24892
29615
26133
23249
32066
9906
14
6948
7120
3506
24400
11226
7296
14448
2280
8409
6764
4399
19293
9885
2033
6505
22676
17547
14259
24258
14065
6530
30433
15418
19903
18100
7355
15270
4306
31924
13137
11105
3946
24271
7565
15423
27227
12448
24179
15298
30059
479
26024
16017
2044
19578
1329
20261
16619
14567
29822
29894
16823
31928
1191
9910
9446
1904
27125
32684
13220
29077
16036
17795
7854
25094
8935
6452
15982
23951
7725
25346
7783
13499
9635
20212
22484
1001
27642
28040
32652
31138
24170
19622
11049
22314
29431
7379
20841
24405
11251
13991
2517
10140
29892
5249
28576
32624
15335
5241
11217
25039
28213
5782
27301
9492
14181
19266
16430
23827
11219
17914
16449
9061
16255
10314
19855
14849
11865
30969
25618
15372
14780
31617
25259
20723
24376
7105
6153
5558
27796
16886
5836
12423
5395
8936
5354
17043
27639
24673
23122
11296
26692
3555
720
22232
21958
28058
5937
31332
22357
31120
16807
3901
24152
3360
8559
25535
15240
17069
432
1920
11511
22932
30631
223
3408
14430
11265
224
2144
24379
21384
2359
30933
24236
6914
14498
21318
9855
2646
12668
17012
16640
8945
20112
22736
20078
15720
6699
31549
21676
27231
15221
26902
14137
23209
19968
1395
27490
4785
22434
17832
15542
27928
20608
26895
13755
12447
29036
24072
223
15688
15473
30781
21937
5304
29611
23595
18001
16864
29276
17374
293
25564
7229
251
23246
24603
22290
24580
13403
32705
17025
20696
4540
31817
8740
30841
29817
16239
11741
4114
20132
23117
15466
13625
8716
30660
31801
3953
8115
19997
11901
28403
23426
21488
6273
18606
26684
15429
7996
13196
28593
32250
16679
19191
6964
27237
25163
6812
24654
5945
7838
30574
1460
8110
5775
27118
29815
220
27104
3498
10619
5480
21684
2564
23338
29795
8937
2101
10089
14191
28071
19090
24011
27684
22329
18701
14853
13490
14620
30462
8867
23495
30806
5668
16377
24499
29705
15078
32603
14538
16968
26079
22161
24329
12073
22170
23429
21245
12828
31642
1087
11745
19835
9118
8979
32007
3170
21539
29465
27769
4800
26921
18654
1247
29614
25146
15193
163
16896
169
22817
31828
3866
6936
15837
1608
19462
19004
7163
20870
16579
21221
3749
4066
3551
28984
18416
14186
27720
26943
28503
14081
8031
165
17513
24138
19790
17850
22974
31944
12699
18365
31791
31811
24062
9307
6726
31341
32112
3699
16372
9669
19845
12828
31362
25020
16891
6633
14538
30230
1683
31084
31655
19860
21279
248
27306
2000
17885
7851
8463
25192
14339
20652
18159
15710
16539
27826
19127
16063
22929
198
20184
22915
23307
12617
8128
15285
16632
14392
17930
26580
28396
27055
2289
32120
26155
25004
29963
30008
8708
16150
15156
21452
3680
4094
31687
6255
19610
21284
21013
27271
14993
12989
13327
19080
28668
23667
31302
18966
9726
6830
9238
3946
15611
4882
11293
10230
21673
20041
242
28236
10858
27906
30228
1852
12761
11833
16673
14908
7074
10937
22345
10510
16024
27104
16129
10908
5889
13219
10748
19751
20532
17361
27479
17312
3175
17052
7700
16982
24258
9813
4041
3794
11192
25207
17305
18175
25494
2023
8548
9103
19292
14970
9531
14745
18381
8120
8983
32647
24258
10976
29386
6447
25283
27180
6197
12096
31960
14677
15292
21984
2205
32090
1783
18067
30357
19838
14762
29023
10432
11663
2808
10542
32112
15726
10963
28531
31832
460
30647
8976
23014
10802
15512
5752
17619
30788
2841
20752
12792
11334
1534
32732
6755
6879
12260
22871
24490
20509
4655
30882
19071
25530
20549
29665
22405
25246
31482
12771
18018
29092
14410
17153
7958
3489
4942
16712
8587
3235
2153
31706
21356
17526
8643
29073
8251
31341
14328
24294
16286
94
11025
25361
22010
8943
10163
114
835
19728
19606
31792
21523
1225
17465
24864
18681
9526
9940
10728
26643
31184
14479
22116
3295
7917
22513
28744
27214
19339
12443
17159
29466
26697
1590
19188
7258
6070
11178
8103
11860
5070
31376
23971
6034
1218
24299
21302
30264
13560
19218
29856
19348
18003
10225
23415
3575
19636
5489
21833
3267
29121
3893
17796
23238
1509
18823
24211
12998
8855
23186
30282
2653
16864
977
31108
18184
28439
12231
17162
18810
29936
30705
22967
17206
11445
18169
23002
2652
21202
27436
3548
24515
1175
11566
31267
23369
19258
16108
24629
29287
22555
5843
32033
19721
22092
2880
1819
23708
30033
16951
11878
26984
4388
18775
9591
2592
7037
27149
29783
14775
10831
3593
6985
32630
20374
18414
18605
23884
7760
21582
9764
30821
201
9941
245
12285
17436
22468
20911
5751
31991
1441
26384
169
10654
32557
14374
8059
13619
18839
8628
22448
16436
22255
4823
19459
21061
221
27881
19830
22832
7059
6822
9703
6442
13568
8845
28900
29272
21575
14473
30400
8081
19823
4817
15846
21094
32092
1549
18030
20575
510
11450
9198
30088
17096
7631
27027
16428
23908
30369
7280
18913
19109
15364
8213
20932
20413
22195
20836
15366
4016
12018
17312
10920
20744
11121
21447
4994
19403
6004
1570
30602
5034
13361
25114
8019
29307
31097
16461
212
18153
18843
16097
12907
15210
7302
20504
3874
26994
26157
5925
28720
15591
15408
1855
8131
11220
32440
30963
26876
5729
2210
10686
26939
25347
10977
23003
1694
10992
30493
31834
12228
2774
7584
11634
18647
27596
25203
25368
27081
22665
28100
3024
20957
13011
31627
4036
13418
23867
11886
26643
17116
11528
2529
16491
6139
14449
22417
22234
26736
21775
31747
3553
7300
23185
32376
25803
14124
32178
18453
19004
11843
22376
24128
32013
6166
27742
7245
28503
21029
18597
12378
24526
1320
935
24439
7505
10833
16476
21771
10431
30161
32192
371
10507
19101
19332
19435
26003
7026
14083
7090
15021
23830
1145
31849
15491
28130
2159
25020
31778
5757
13690
20037
8909
2026
12837
25005
22423
31429
2860
4629
9009
21449
21995
5300
17920
29078
22293
14785
13426
1969
425
16275
11667
10957
25122
24839
8155
29257
18927
8994
20554
21241
20258
9719
30648
5929
29804
31947
19046
6111
3401
20856
7640
7009
12920
22287
8423
31991
23214
20417
23058
498
27531
10752
24597
32749
22221
30945
189
14419
6084
19397
18938
3362
9478
10552
10550
29422
10851
12569
5349
17448
7963
10748
29789
22944
3151
32204
14824
3145
6070
27061
25368
1084
9873
25920
21339
30976
11489
1216
15567
18185
31959
23278
2904
32382
10892
7632
1519
20288
22514
4831
6717
30247
32011
1640
1640
3983
88
21043
21805
29459
13205
14179
24623
31896
2211
3997
19598
26254
4806
6508
13756
6514
10256
25572
31372
5271
14109
7558
24716
21543
9473
19044
405
22628
18303
9606
14240
12852
20348
12683
31451
14557
14258
15507
26109
19725
2985
23389
21718
19741
6883
8109
20778
7830
27735
3569
16831
28917
1570
5667
4021
7595
23928
5105
13846
18792
736
6684
28590
10905
24225
3358
30493
6448
4471
20751
3370
19363
19851
3785
14682
25911
15266
21579
30914
14718
16533
5211
20249
26910
14081
18800
28177
15317
28991
16334
26343
23482
6039
19187
6713
21958
14000
27186
23065
914
4683
8350
29279
16994
4145
1065
2883
7011
20330
18445
6699
16689
16304
18027
21697
1692
19748
19762
23113
12972
29759
12867
1842
21987
21002
29395
9962
1217
1170
25104
30711
7054
28566
11015
13892
28499
14724
10693
8120
4138
5284
24508
9997
183
10386
1897
18656
1783
12273
2868
14084
31288
7774
25496
19996
12905
25251
8323
2409
31892
6445
8704
26848
14505
17089
17427
32128
1149
21354
484
4066
6162
11702
21536
5394
14105
24097
20125
26013
23477
10962
16701
27371
32386
19333
24596
14031
8150
24009
14029
14685
30279
26987
27465
2300
26221
2354
5002
28860
10217
3020
8912
14569
15269
8457
12801
24032
5982
26439
10062
10529
10848
27950
276
24742
8081
31645
18432
115
177
15331
27767
12911
7904
3635
4917
30834
25697
9298
5428
15519
29597
13459
14031
15348
14187
22789
23079
32543
18574
28395
12486
21907
19583
2668
12418
1756
12654
21132
20388
11823
27523
22875
19530
29766
5993
17516
778
7019
9741
22921
6360
4562
30115
17317
31786
32299
31723
9234
346
31352
26034
17397
7755
28956
20379
31222
2383
20533
31775
6204
16200
1836
10963
30360
13582
651
29929
27904
14353
6670
21242
21056
16960
9468
12291
21228
17705
10423
11693
13465
12385
21906
32209
22860
14118
17892
30011
5939
6467
13147
15278
14483
29492
5778
15657
14338
22923
25829
16489
3286
17298
24708
18095
7133
2354
11974
6339
8271
30739
10432
9529
8448
17413
6679
5107
17882
22175
25106
13031
8587
16933
10995
8226
17275
23471
11144
21773
9729
16520
9981
30448
19670
19157
7924
4276
10186
14711
27607
6637
3509
3890
12141
28440
25521
27918
21932
7968
17542
27645
6095
12840
15462
14783
13736
19844
27867
32003
22838
22792
11517
17615
22650
2438
31208
1825
18823
29842
19309
29399
7385
4488
8456
6348
12775
19409
23314
12356
6651
2657
13368
31370
32066
20612
28460
2519
22047
23515
3226
28534
30405
25505
7518
5414
3333
23859
1268
17856
6244
27088
16432
10521
1649
20893
1071
14122
26966
12268
18829
26222
31916
13501
6104
6540
27796
8069
9541
4150
4867
22319
7842
24401
8029
17249
11148
13398
23622
19200
738
26616
1973
7158
9082
9223
29001
8243
1298
8340
21217
17393
21897
15446
5991
28989
5711
29772
1004
25779
11802
32420
30458
16265
17114
3292
12837
31439
28656
31015
25060
8180
11418
25362
22431
27277
30386
32615
10761
14162
5529
8017
12208
25705
2414
12994
2003
1768
31363
18962
9587
6549
15633
23273
4268
2288
15658
19550
21062
16499
26352
3680
15752
7448
24325
16469
3148
26908
8002
11010
345
17666
19372
4523
1260
8668
21411
7803
28568
12486
13149
28198
30544
27571
27027
32460
29379
7020
30074
1569
26344
32469
28917
29387
4825
30578
6921
7435
28132
24363
26257
27296
19423
27468
24883
27112
7101
16592
1682
10313
29791
7647
21445
18383
25516
15509
12041
6166
13284
21253
30642
13931
6961
21630
21096
31022
2432
22541
1423
10874
2190
18498
31239
22025
25158
16439
13334
11857
330
14799
22690
19699
16336
28988
4772
21078
6319
8644
27865
10383
28345
32708
29627
28037
24140
5109
13231
18514
19748
23534
26496
11756
11379
21482
27404
22788
8500
19916
17981
31022
1724
14688
25659
23875
32658
16868
19168
7427
2176
25799
26221
1535
16874
26032
15739
20407
25439
17346
8500
23295
3438
5151
11714
167
28091
26026
12040
13146
26962
4626
15760
30919
16698
8204
10181
32255
25934
6879
31587
19230
26952
806
17195
23086
20511
15569
19675
5448
8595
7790
2909
32764
32261
1447
26943
4084
9357
5387
8035
30931
8007
32529
25592
28515
2541
601
1448
10224
9899
31542
18195
5103
13614
11882
3709
8932
16383
12592
15811
2690
21519
4736
18068
23059
22163
10638
20189
23834
27921
11668
31109
4407
11195
31441
10075
13132
32253
10449
17485
10206
32082
22000
29914
17086
10843
19482
14282
12776
15410
25300
20508
4011
31228
17024
2880
24586
21181
27868
14214
32099
10097
11981
24279
14414
31576
24411
6563
11976
32401
4092
3610
7825
9962
4629
28575
14034
19191
30142
4729
11523
29537
26054
26572
6412
22145
1270
30152
23722
12845
12442
8225
6677
30674
19518
21695
32224
32451
31414
28854
24608
12497
26721
29048
208
25884
2734
17994
25460
23849
30942
22004
3581
6196
16908
3261
12013
28871
25707
1686
28347
14475
18896
10646
28793
18015
28016
17574
17844
10919
3818
1662
22940
32230
5768
24784
5988
32144
3777
11202
20460
27417
22275
7586
8862
24914
29616
27349
28054
5109
8039
8721
2309
11646
388
6349
20951
16189
11754
31733
18323
30634
20992
22753
16771
4856
13049
12936
32534
14829
24921
30449
6018
17136
17844
26859
3245
2404
27321
20990
1358
20276
10352
4257
29263
23727
5312
22189
9079
21143
23860
11282
3909
25204
28159
2505
21023
24878
2621
8458
10412
26587
14715
8894
27006
30422
11898
6967
16884
20241
2864
13855
14942
30124
9744
32430
17763
5574
13451
28704
24224
13459
32471
27239
31890
27566
239
24349
22966
7601
7387
19132
22766
22788
16945
19985
2343
23794
11996
31726
3129
29954
11548
12064
25870
7812
29390
31904
28935
11370
1518
5646
4251
23897
19034
12378
17218
6144
7384
17093
14993
16809
8027
12808
10406
25357
6786
15314
19910
3949
6242
13944
2373
16862
7301
30952
29094
9445
7474
32480
14340
30787
8687
7517
23217
2322
11077
23381
27420
28689
18371
17064
27384
2621
31302
15701
1178
24481
21879
21225
8867
27758
28820
23102
10976
78
6516
29537
24686
10230
26565
24020
12578
21754
5529
32502
29223
14310
16673
11455
20457
138
31671
4272
30002
30869
18978
14090
11667
11366
31254
7743
1798
5662
28923
23206
14033
32506
22511
8818
17838
2784
18702
21989
18216
8759
25073
22465
8264
11772
24436
18944
8561
23058
9917
708
30601
20954
24442
19857
14425
11012
873
19642
3639
29349
1822
3865
18146
4233
1
11779
18861
29898
27542
1915
14560
17313
31745
26790
16987
29565
3529
15488
25468
4434
10972
4812
9283
7988
16083
4945
3508
16676
24696
12611
24445
11306
21637
13056
18649
2980
11695
25085
10420
20701
11747
30463
6416
8417
19664
5774
18855
21648
1957
29094
28114
16114
24092
24241
16809
11722
8375
32434
27244
22638
29769
17091
13858
12501
11961
26049
32383
19186
28931
11846
13067
20032
8831
3287
20097
9631
12646
27231
15221
24926
15506
15068
27706
32665
2693
10329
10755
3781
29101
27164
24392
24201
5607
7200
24940
13007
8001
10950
32156
11548
19972
9927
19706
24604
4082
5485
5115
16770
31436
4355
12557
28175
20503
19850
24190
29679
28192
21933
19353
5964
21054
5111
20754
17694
4183
31812
17572
10304
25509
26997
12280
5321
15546
872
28361
15769
28866
16680
30790
26674
28169
23392
22455
4810
6589
17174
6244
16542
15092
28821
10418
24712
5872
7851
30864
468
8866
17941
22289
19280
28014
27960
21338
26786
10542
8210
9407
25054
29561
9327
24105
4440
17445
15968
28859
11191
9482
6377
16821
3659
5897
9978
22424
18337
18510
4256
25227
3668
32721
125
9213
6693
25123
25974
31116
4942
29543
31915
3877
3092
31390
14252
31853
14492
10793
21226
20832
22783
12680
12395
22072
2464
7272
19138
657
28094
8925
21567
28618
26693
20204
22115
19118
22250
6988
26006
2132
886
28525
15644
25155
16226
7354
22342
24026
23973
16668
21989
25328
32458
12991
20228
9655
25413
22808
20951
26598
14343
5927
14318
21783
4432
11001
5806
32365
1989
9842
25858
14715
11202
25929
10574
26209
17137
9300
17317
